144180
259290
964243
115520
26481
23579
118503
199200
126920
307164
286650
do
26565
363561
78400
9680
117540
58996
44044
463360
20746
125425
390576
dont
dont
265568
706230
64774
307681
253552
327240
dont
dont
329894
189720
289201
92466
do
520992
346833
27930
291560
205656
389136
353115
272769
226151
617141
130938
dont
dont
80200
277425
616902
do
847683
6942
16016
429632
28804
508300
do
688899
321048
534258
46512
314826
450170
467532
152152
11940
34104
61677
do
687200
240366
402944
dont
dont
103545
508173
101314
105378
540030
do
161291
112608
217236
336050
6020
547560
188336
180237
333200
183168
352350
435408
398853
374052
635050
8586
874458
73224
307944
2360
331772
489995
265220
do
77028
74144
241434
373252
23660
386260
98073
9945
74700
320022
65518
340176
56772
58473
357280
555638
126148
2320
250800
92070
432567
158353
do
67808
517131
122748
273465
352084
39902
264724
30305
392616
54153
9858
do
22610
do
425952
323565
374605
305868
122760
639333
328604
370500
790416
264099
520030
172688
98046
94213
322218
463913
176118
42224
253116
do
140415
305578
898703
18440
28371
320166
126228
162410
800588
281173
578336
75684
382285
482307
141094
dont
dont
208028
594920
78155
204500
160896
2484
90297
141681
10292
601920
256284
111544
38776
21054
31360
63954
235104
603000
do
90449
do
38624
659352
do
397068
do
129980
181050
42075
88757
68696
375760
472500
16781
76396
351820
38171
131424
593771
300960
dont
dont
373694
372090
513825
36208
76167
132000
223992
409614
291235
449956
403542
356200
dont
dont
143612
13284
95060
6948
62208
62928
722762
382653
164151
423292
211420
do
820410
34216
66360
539700
477696
do
11644
96876
406404
504505
517860
347634
do
52415
207836
121102
14848
6348
56016
609168
371130
do
211176
598880
446859
458454
155235
12408
do
329933
835188
146496
102024
473881
392364
481096
33280
435026
dont
dont
171785
133008
160000
14416
543213
530370
14577
200250
89031
471240
31970
807177
15870
125796
201105
675051
86330
738170
427424
549567
90978
3990
97510
12673
406847
453092
533168
do
11660
602910
284988
666207
dont
dont
251125
402534
50778
458109
36750
755200
dont
dont
149814
11424
495280
59732
242874
47656
159732
330144
102005
70272
286750
do
57996
286080
447958
280098
110523
670112
13390
152672
do
352800
26875
dont
dont
310210
496544
241689
13398
232650
150512
512640
798498
64260
694450
92169
33915
11620
323840
92582
315150
360786
88494
1824
157059
26772
467107
35037
do
718470
do
107814
585918
dont
dont
10044
19440
289140
298602
dont
dont
242500
346788
130305
4307
100350
446161
178640
474240
638176
276672
205758
44472
371998
10431
852810
5768
do
414835
579626
451248
12224
147420
26532
58136
696947
5738
89380
533975
65928
663889
8340
399376
88530
18445
170520
151965
16744
438396
283400
87468
168800
do
710585
448630
329375
363082
32046
143486
4633
do
141360
do
11745
33048
419930
261508
186504
631846
115149
355256
145509
80240
794682
287985
471504
38849
426816
dont
dont
17544
184977
871332
do
2160
22515
713592
281074
do
78816
140200
71570
565066
561844
do
576468
584172
do
35226
54240
99691
406000
316179
587574
dont
dont
91739
dont
dont
539742
80002
190517
249975
528960
146523
90585
110352
504169
359072
do
138016
62698
101520
434544
336656
202536
490776
590490
2431
94507
40600
123388
569264
113344
146608
114724
127358
dont
dont
281685
95550
209844
551925
59032
590469
104876
61866
do
132588
do
109431
582025
460980
145825
235226
86941
359055
9933
dont
dont
217251
38760
91664
89040
27240
105952
29190
do
40710
71703
147168
624207
607671
616308
42983
101022
761616
dont
dont
213696
573695
132550
84495
74746
429052
93732
130339
357864
179124
527580
493215
473480
2236
850690
do
382602
322672
816732
494400
148653
355368
165896
75221
dont
dont
53820
465276
11235
25668
94563
9614
142758
159840
417560
83496
3366
246456
147829
784420
23490
770431
180604
10704
428203
18394
157644
69104
do
133777
525745
86800
32922
do
472624
109760
77694
239294
36560
225568
308688
133284
dont
dont
245953
dont
dont
33966
22489
56430
298116
44274
664
145205
179292
531000
66582
36782
553387
659097
8514
62881
709527
57850
59325
250985
17631
571436
206024
343656
398496
42081
65648
362080
do
23175
22253
776112
578336
dont
dont
13600
263756
176148
81500
167835
509124
112218
181896
dont
dont
299892
196248
2040
112301
591206
81458
43134
503072
169274
322472
452694
115731
521194
1275
208565
7345
59926
465500
489216
78692
283921
100681
2538
39396
403598
141636
95748
283500
375418
75757
230824
20790
do
82224
72618
169000
454233
25110
97989
368100
232059
dont
dont
33990
47234
do
37536
179561
774936
40397
17120
107665
717776
487720
9999
78064
133789
8096
dont
dont
315168
116816
50908
226710
144750
302016
9282
53379
dont
dont
680886
219446
342240
333472
137712
34272
104481
432718
157586
196031
10287
20736
395836
274316
69776
145866
5940
340
104454
449447
133338
do
5936
do
245287
253828
287988
17670
179376
480483
129748
